7
38
26
20
25
23
22
33
30
32
36
35
15
16
17
47
44
46
57
58
54
55
56
93
116
114
109
104
99
117
355
350
342
339
274
232
192
166
145
148
149
137
140
141
129
132
133
353
460
465
445
449
428
432
411
415
400
404
389
393
363
296
283
256
243
247
259
226
210
197
173
160
456
473
469
306
286
471
542
239
151
541
545
544
539
538
312
329
331
327
326
536
505
484
504
525
498
524
517
491
516
523
481
478
480
488
487
495
494
90
91
122
120
125
123
153
156
158
162
164
168
171
176
180
178
185
183
188
190
194
200
204
202
206
208
213
212
216
220
218
222
224
228
230
235
234
240
251
254
263
261
268
266
270
272
276
280
290
288
292
294
298
303
302
310
308
316
325
334
345
344
347
352
358
361
370
369
373
372
377
376
380
379
382
386
394
397
405
409
418
417
420
421
422
425
435
434
437
438
439
443
455
458
479
486
493
509
507
512
510
521
519
529
527
553
550
551
552
557
559
561
935
698
1046
893
656
884
1045
925
883
859
849
839
808
688
646
610
1032
1002
765
993
796
811
794
736
1033
1048
1031
973
598
599
600
601
602
603
604
606
612
616
614
615
622
618
620
623
626
625
628
631
630
636
640
643
654
650
652
660
658
665
663
667
670
669
672
675
674
680
683
686
696
692
694
702
700
707
705
709
712
711
714
717
716
725
719
722
734
728
731
743
738
740
753
748
751
763
759
761
769
767
774
772
776
779
778
781
784
783
792
786
789
798
802
805
815
813
820
818
825
823
830
828
833
835
843
841
845
854
857
860
863
862
865
868
867
873
877
880
891
887
889
897
895
902
900
904
907
906
909
912
911
917
920
923
933
929
931
939
937
944
942
946
949
948
951
954
953
962
956
959
971
965
968
980
975
977
990
985
988
1000
996
998
1006
1004
1011
1009
1013
1016
1015
1018
1021
1020
1029
1023
1026
1035
1039
1042
1052
1050
1057
1055
1062
1060
1067
1065
