20
18
15
22
19
4
5
6
8
11
14
49
26
29
28
32
31
34
37
36
45
48
51
66
65
59
55
56
57
84
115
107
104
94
90
111
73
74
77
76
99
110
113
119
117
140
163
155
152
147
134
159
123
124
127
126
143
158
161
167
165
216
204
198
182
212
214
210
193
189
211
172
173
174
177
176
185
220
218
269
257
251
235
265
267
263
246
242
264
225
226
227
230
229
238
273
271
340
300
290
289
364
356
353
347
334
327
322
360
318
312
307
320
278
279
282
281
343
359
362
368
366
371
402
395
433
390
425
422
412
408
429
388
387
377
378
381
380
383
389
417
428
431
437
435
449
451
448
441
442
444
447
488
475
511
470
503
500
495
482
507
468
467
457
458
461
460
463
469
491
506
509
515
513
542
581
569
563
547
577
536
579
575
558
554
576
534
533
522
523
524
527
526
529
535
550
585
583
612
651
639
633
617
647
606
649
645
628
624
646
604
603
592
593
594
597
596
599
605
620
655
653
738
698
688
687
680
762
675
716
710
705
718
754
751
745
732
725
720
758
673
672
662
663
666
665
668
674
741
757
760
766
764
811
803
786
782
840
831
824
839
770
771
774
773
792
796
816
838
836
846
850
872
865
868
863
862
878
856
857
881
884
905
898
901
912
896
895
914
889
890
927
922
925
924
942
937
940
939
952
956
955
960
959
972
970
969
977
964
994
987
993
983
984
985
996
1003
999
1001
1000
1007
1004
1015
1011
1013
1012
1019
1016
1027
1023
1025
1024
1036
1035
1051
1044
1050
1040
1041
1042
1053
1060
1056
1058
1057
1064
1061
1072
1068
1070
1069
1076
1073
1084
1080
1082
1081
1092
1110
1105
1100
1097
1095
1098
1101
1102
1181
1442
1443
1379
1380
1441
1477
1480
1474
1476
1486
1483
1485
1176
1178
1179
1174
1160
1159
1158
1349
1354
1340
1313
1290
1281
1218
1208
1211
1344
1420
1401
1389
1390
1375
1326
1267
1250
1251
1236
1234
1226
1424
1448
1450
1447
1453
1459
1440
1465
1370
1377
1369
1492
1489
1126
1127
1128
1131
1143
1152
1151
1149
1144
1130
1133
1132
1136
1135
1146
1145
1154
1167
1165
1169
1170
1172
1173
1168
1180
1183
1184
1185
1186
1187
1189
1192
1191
1195
1202
1204
1201
1199
1196
1197
1221
1228
1235
1239
1238
1242
1244
1256
1259
1255
1253
1262
1271
1269
1278
1277
1284
1282
1295
1300
1294
1292
1297
1296
1302
1307
1305
1318
1321
1330
1328
1337
1336
1343
1341
1351
1352
1358
1363
1357
1355
1360
1359
1365
1397
1404
1403
1410
1416
1423
1422
1429
1436
1435
1449
1454
1463
1462
1519
1501
1520
1511
1508
1517
1496
1498
1497
1503
1522
1533
1530
1527
1526
1532
1591
1590
1601
1600
1581
1577
1594
1584
1611
1625
1559
1560
1558
1543
1544
1547
1546
1552
1551
1554
1562
1563
1566
1567
1565
1570
1569
1574
1578
1585
1595
1605
1603
1606
1608
1616
1622
1623
1614
1617
1706
1698
1732
1733
1715
1716
1656
1657
1641
1642
1731
1758
1743
1738
1746
1757
1766
1633
1634
1635
1636
1637
1638
1646
1652
1653
1649
1667
1662
1663
1670
1669
1671
1678
1682
1681
1683
1690
1696
1692
1693
1700
1699
1701
1710
1708
1718
1722
1728
1729
1721
1723
1770
1820
1816
1827
1836
1794
1795
1803
1804
1800
1810
1811
1806
1817
1823
1824
1822
1828
1840
1841
1839
1845
1851
1843
1846
1856
1862
1863
1854
1857
1892
1873
1874
1879
1880
1876
1886
1887
1882
1890
1888
1903
1902
1913
1897
1898
1899
1901
1908
1905
1911
1909
1961
1959
1929
1956
2078
2065
2047
2048
2033
2024
2015
2016
1983
1954
1953
2062
2027
2036
1964
1963
1921
1923
1924
1925
1926
1927
1934
1939
1938
1945
1942
1944
1960
1970
1971
1969
1979
1986
1987
1985
1991
1990
2001
2000
2009
2020
2041
2042
2040
2053
2051
2135
2110
2109
2126
2132
2133
2121
2100
2096
2103
2125
2127
2086
2087
2090
2089
2092
2123
2145
2138
2139
2140
2174
2171
2176
2166
2164
2165
2163
2154
2157
2156
2159
2242
2218
2259
2193
2191
2192
2190
2211
2214
2210
2235
2238
2234
2184
2183
2186
2200
2201
2204
2203
2198
2206
2224
2225
2228
2227
2223
2230
2249
2252
2255
2258
2266
2263
2265
2290
2279
2283
2289
2288
2282
2297
2271
2272
2275
2368
2353
2337
2335
2323
2313
2395
2380
2373
2382
2389
2381
2363
2356
2348
2341
2370
2384
2375
2316
2383
2304
2305
2306
2309
2394
2392
2711
2706
2667
2664
2648
2517
2505
2484
2464
2712
2530
2525
2532
2537
2531
2688
2685
2650
2658
2707
2631
2614
2572
2630
2628
2602
2561
2627
2534
2527
2488
2457
2456
2469
2533
2583
2549
2582
2691
2698
2586
2609
2597
2624
2430
2428
2429
2427
2449
2447
2448
2446
2410
2411
2412
2413
2415
2417
2418
2421
2420
2416
2423
2436
2437
2440
2439
2435
2442
2467
2476
2479
2480
2486
2492
2490
2495
2494
2502
2501
2507
2506
2514
2513
2521
2519
2522
2540
2544
2541
2547
2556
2552
2551
2567
2563
2562
2577
2575
2579
2589
2587
2588
2592
2591
2604
2603
2619
2617
2623
2621
2635
2633
2643
2641
2653
2651
2665
2670
2669
2675
2677
2686
2696
2709
2764
2762
2754
2756
2740
2735
2738
2759
2760
2758
2746
2757
2722
2723
2724
2725
2729
2728
2727
2744
2842
2814
2799
2837
2831
2823
2783
2830
2836
2829
2820
2828
2819
2809
2802
2794
2786
2816
2772
2773
2774
2775
2776
2778
2781
2841
2839
3152
3129
2971
2950
2929
2934
2911
3153
2988
2982
2954
2916
2987
2991
2986
2985
2979
3136
3132
3139
3146
3149
3112
3063
3087
3075
3111
3053
3057
3005
3051
3154
3147
3155
3122
3092
3029
3121
3119
3110
3117
3073
3080
3044
3050
3012
3018
3118
2878
2876
2877
2875
2897
2895
2896
2894
2858
2859
2860
2861
2862
2865
2866
2869
2868
2863
2871
2884
2885
2888
2887
2883
2890
2902
2905
2906
2913
2920
2918
2923
2922
2931
2930
2938
2936
2939
2942
2945
2946
2952
2958
2956
2961
2960
2968
2967
2975
2973
2976
2994
2992
2996
2999
3002
3013
3008
3007
3024
3020
3019
3034
3032
3036
3045
3040
3039
3060
3058
3066
3064
3065
3069
3068
3082
3081
3097
3095
3101
3099
3106
3105
3172
3176
3193
3170
3167
3178
3183
3197
3199
3195
3200
3162
3163
3164
3166
3169
3188
3186
3191
3212
3209
3214
3218
3213
3235
3205
3206
3208
3211
3221
3219
3226
3229
3234
3232
3288
3286
3279
3271
3266
3256
3250
3281
3277
3261
3283
3254
3252
3284
3282
3243
3244
3245
3247
3269
3273
3313
3314
3301
3312
3304
3320
3292
3295
3477
3475
3455
3452
3444
3445
3432
3405
3393
3380
3381
3373
3357
3344
3490
3343
3404
3403
3480
3487
3416
3415
3331
3332
3333
3337
3336
3346
3349
3353
3360
3359
3368
3366
3375
3397
3396
3407
3410
3414
3419
3418
3427
3425
3434
3440
3438
3453
3458
3457
3463
3465
3476
3485
3530
3527
3522
3514
3511
3512
3504
3505
3529
3532
3494
3497
3496
3515
3517
3908
3889
3890
3876
3865
3862
3857
3851
3853
3840
3812
3798
3783
3744
3724
3710
3695
3684
3672
3638
3624
3594
3585
3566
3567
3895
3769
3768
3758
3561
3836
3576
3850
3894
3880
3904
3800
3786
3822
3776
3604
3571
3775
3690
3678
3686
3609
3608
3901
3892
3843
3844
3674
3675
3842
3547
3548
3549
3550
3551
3556
3553
3555
3554
3562
3581
3579
3586
3593
3596
3600
3597
3607
3612
3611
3619
3618
3626
3625
3633
3632
3643
3641
3648
3646
3651
3649
3655
3653
3656
3660
3659
3667
3666
3685
3691
3698
3697
3705
3704
3712
3711
3719
3718
3728
3726
3729
3732
3731
3739
3738
3749
3747
3753
3761
3760
3771
3779
3793
3792
3807
3806
3817
3815
3821
3819
3827
3825
3835
3833
3846
3870
4035
4033
4024
3951
3928
3924
4026
4016
3998
3999
3993
3994
3971
3956
3955
3948
3933
3934
4027
4028
3983
3973
3963
3962
4029
4030
4031
4015
3918
3919
3920
3922
3936
3940
4007
4001
4003
4391
4361
4362
4301
4300
4293
4284
4271
4247
4235
4225
4226
4219
4140
4139
4119
4120
4111
4096
4080
4079
4068
4072
4059
4053
4054
4381
4378
4353
4338
4322
4314
4288
4265
4251
4239
4207
4199
4190
4185
4177
4171
4158
4144
4133
4125
4386
4307
4258
4213
4164
4306
4275
4153
4267
4373
4366
4348
4341
4333
4326
4372
4043
4044
4045
4046
4047
4048
4084
4082
4091
4090
4099
4097
4106
4105
4113
4148
4194
4318
4385
4383
4390
4388
4422
4420
4404
4416
4409
4415
4418
4412
4406
4417
4397
4398
4400
4401
4414
4487
4484
4479
4469
4460
4438
4486
4463
4472
4426
4429
4430
4428
4434
4441
4440
4449
4455
5452
4600
4572
4559
4597
4608
4595
4580
4567
4605
4619
4707
4706
4700
4623
4704
4637
4636
4626
4634
5381
5378
5377
5016
5013
5012
4689
4686
4685
5380
5411
4672
4647
4678
4653
4652
4671
4750
4749
4661
4660
4659
4720
4729
5075
5445
4794
4786
4789
4788
4762
4756
4785
5143
5142
5139
4900
4899
4896
5136
4885
4883
4884
5140
5026
4988
4971
4972
4975
4974
4956
4939
4940
4943
4942
4935
4936
4921
4922
4925
4924
4917
4918
4903
4904
4907
4906
4874
5025
4999
5000
5001
5044
5043
4913
5047
5046
4931
5050
5049
4950
4951
4949
5030
5036
5053
5052
4982
4983
4981
5072
5073
5079
5078
5392
5345
5328
5329
5332
5331
5314
5315
5318
5317
5249
5232
5233
5236
5235
5218
5219
5222
5221
5214
5215
5200
5201
5204
5203
5196
5197
5182
5183
5186
5185
5178
5179
5164
5165
5168
5167
5160
5161
5146
5147
5150
5149
5391
5270
5123
5118
5120
5386
5361
5362
5414
5413
5156
5417
5416
5174
5420
5419
5192
5423
5422
5210
5426
5285
5294
5299
5425
5229
5230
5228
5429
5290
5276
5278
5428
5243
5244
5242
5406
5432
5431
5325
5326
5324
5435
5434
5339
5340
5338
4549
4550
4551
4552
4553
4554
4557
4562
4561
4570
4576
4574
4583
4581
4586
4590
4589
4598
4604
4602
4611
4609
4614
4639
4655
4663
4674
4692
4694
4696
4697
4698
4715
4716
4714
4727
4724
4725
4733
4738
4736
4741
4742
4739
4748
4743
4745
4754
4760
4758
4767
4773
4770
4771
4780
4783
4784
4791
4803
4809
4806
4807
4814
4819
4817
4824
4832
4840
4844
4845
4846
4843
4850
4853
4855
4860
4858
4863
4862
4869
4867
4880
4881
4879
4892
4887
4909
4914
4915
4927
4932
4933
4945
4954
4960
4965
4958
4962
4961
4967
4977
4986
4991
4990
4994
4996
5002
5003
5019
5024
5028
5039
5041
5060
5058
5059
5066
5063
5062
5065
5064
5082
5087
5085
5090
5089
5096
5094
5098
5103
5101
5106
5105
5112
5110
5119
5126
5125
5135
5130
5152
5157
5158
5170
5175
5176
5188
5193
5194
5206
5211
5212
5224
5238
5247
5253
5258
5251
5255
5254
5260
5259
5267
5266
5272
5271
5277
5286
5281
5280
5291
5296
5295
5302
5307
5300
5304
5303
5310
5320
5334
5343
5348
5347
5351
5353
5352
5356
5358
5363
5364
5390
5396
5400
5443
5448
5450
5765
5742
5715
5699
5644
5649
5630
5632
5618
5600
5577
5582
5563
5565
5551
5533
5751
5631
5496
5490
5492
5510
5509
5503
5502
5705
5664
5658
5748
5673
5667
5696
5739
5756
5763
5814
5816
5805
5808
5789
5792
5785
5781
5783
5812
5801
5797
5799
5795
5811
5508
5507
5675
5725
5682
5516
5724
5745
5728
5768
5762
5755
5747
5738
5730
5712
5704
5695
5687
5670
5666
5661
5657
5646
5637
5623
5614
5606
5596
5588
5579
5570
5556
5547
5539
5529
5521
5772
5474
5475
5476
5477
5478
5479
5480
5481
5482
5483
5484
5485
5486
5488
5498
5501
5514
5519
5518
5537
5535
5554
5553
5568
5567
5586
5585
5604
5602
5621
5620
5635
5634
5653
5680
5685
5684
5702
5701
5718
5723
5776
6002
5995
5994
5982
5936
5941
5922
5924
5910
5892
5991
5923
5855
5849
5851
5869
5868
5862
5861
5988
5956
5950
5979
6000
6051
6053
6042
6045
6026
6029
6022
6018
6020
6049
6038
6034
6036
6032
6048
5965
5875
5964
5985
5968
6005
5999
5987
5978
5970
5953
5949
5938
5929
5915
5906
5898
5888
5880
6009
5867
5866
5958
5836
5837
5838
5839
5840
5841
5842
5843
5844
5845
5847
5857
5860
5873
5878
5877
5896
5894
5913
5912
5927
5926
5945
5963
6013
6086
6058
6060
6059
6062
6067
6065
6071
6069
6075
6073
6077
6082
6080
6084
6094
