1
2
39
49
48
44
313
268
192
169
160
161
163
164
78
71
73
67
69
63
65
57
58
60
61
312
137
128
129
131
132
136
181
121
116
180
329
224
328
199
200
334
275
276
336
236
237
338
87
82
93
88
105
100
95
90
84
110
148
143
332
232
231
331
145
150
341
248
340
172
177
304
305
303
240
220
216
208
203
195
261
227
256
250
246
249
290
284
279
271
296
326
323
33
34
35
36
37
53
54
76
80
98
103
108
113
119
124
125
135
139
141
154
153
156
167
175
184
185
187
190
206
214
253
266
282
287
288
293
301
299
308
311
317
