7
26
24
21
19
28
30
14
15
16
17
41
38
40
98
96
92
87
83
99
320
315
307
305
247
208
170
146
125
126
128
129
117
118
120
121
318
425
430
410
414
393
397
376
380
365
369
354
358
328
267
255
231
219
223
234
202
187
175
153
140
421
442
440
437
276
258
432
501
215
131
500
504
503
498
497
281
162
158
180
190
195
240
211
236
260
273
278
296
298
294
495
466
445
465
485
459
484
477
452
476
483
441
449
448
456
455
75
76
77
109
110
112
113
104
102
105
107
133
138
144
156
168
178
185
193
200
206
245
250
265
285
301
310
309
312
317
323
326
335
334
338
337
342
341
345
344
347
351
359
362
370
374
383
382
385
386
387
390
400
399
402
403
404
408
420
423
434
447
454
470
468
473
471
481
479
489
487
507
508
510
512
514
872
645
979
832
605
823
978
862
822
798
788
778
751
635
595
559
965
937
710
928
571
565
768
746
631
590
764
740
626
584
739
754
737
681
575
574
600
603
611
580
579
607
617
616
643
651
622
621
647
657
656
708
698
688
674
679
670
716
662
661
712
722
721
735
760
727
726
756
995
973
858
817
991
967
853
811
966
981
964
908
802
801
827
830
838
807
806
834
844
843
870
878
849
848
874
884
883
935
925
915
901
906
897
943
889
888
939
949
948
962
987
954
953
983
549
550
551
552
555
563
774
784
