12
11
23
18
19
9
10
31
34
37
38
33
28
29
40
43
46
47
42
39
48
52
50
51
64
54
58
55
56
61
60
62
68
66
71
74
77
78
73
70
79
83
81
82
85
89
87
88
92
91
94
93
95
99
103
101
108
106
110
114
112
113
117
127
116
118
124
123
125
131
129
133
137
135
136
139
143
141
142
146
145
148
147
149
158
156
164
162
170
168
169
179
180
176
177
178
196
197
369
367
283
271
257
245
234
366
363
361
360
222
221
301
295
194
195
200
199
202
205
208
209
204
201
210
215
212
213
218
217
220
219
223
227
225
226
230
229
236
235
238
241
239
247
251
249
262
259
260
264
267
265
273
277
275
286
285
289
287
290
298
297
305
303
310
308
312
316
314
315
319
318
320
327
325
330
334
332
333
337
336
345
343
351
349
348
357
355
354
