7
38
26
20
25
23
22
33
30
32
36
35
15
16
17
47
44
46
57
58
54
55
56
93
116
114
109
104
99
117
357
352
342
339
274
232
192
166
145
148
149
137
140
141
129
132
133
355
462
467
447
451
430
434
413
417
402
406
391
395
365
296
283
256
243
247
259
226
210
197
173
160
458
475
471
306
286
473
544
239
151
543
547
546
541
540
312
329
331
327
326
538
507
486
506
527
500
526
519
493
518
525
483
480
482
490
489
497
496
90
91
122
120
125
123
153
156
158
162
164
168
171
176
180
178
185
183
188
190
194
200
204
202
206
208
213
212
216
220
218
222
224
228
230
235
234
240
251
254
263
261
268
266
270
272
276
280
290
288
292
294
298
303
302
310
308
316
325
334
345
344
347
346
349
354
360
363
372
371
375
374
379
378
382
381
384
388
396
399
407
411
420
419
422
423
424
427
437
436
439
440
441
445
457
460
481
488
495
511
509
514
512
523
521
531
529
555
552
553
554
559
561
563
937
700
1048
895
658
886
1047
927
885
861
851
841
810
690
648
612
1034
1004
767
995
798
813
796
738
1035
1050
1033
975
600
601
602
603
604
605
606
608
614
618
616
617
624
620
622
625
628
627
630
633
632
638
642
645
656
652
654
662
660
667
665
669
672
671
674
677
676
682
685
688
698
694
696
704
702
709
707
711
714
713
716
719
718
727
721
724
736
730
733
745
740
742
755
750
753
765
761
763
771
769
776
774
778
781
780
783
786
785
794
788
791
800
804
807
817
815
822
820
827
825
832
830
835
837
845
843
847
856
859
862
865
864
867
870
869
875
879
882
893
889
891
899
897
904
902
906
909
908
911
914
913
919
922
925
935
931
933
941
939
946
944
948
951
950
953
956
955
964
958
961
973
967
970
982
977
979
992
987
990
1002
998
1000
1008
1006
1013
1011
1015
1018
1017
1020
1023
1022
1031
1025
1028
1037
1041
1044
1054
1052
1059
1057
1064
1062
1069
1067
