6
8
5
15
16
50
51
54
60
73
74
77
80
85
90
98
184
187
193
217
302
348
150
151
154
160
62
138
139
143
144
205
206
105
112
235
238
247
253
255
366
118
140
223
224
225
226
315
371
123
283
306
308
309
310
311
373
128
145
267
268
375
102
109
166
169
259
261
369
197
207
274
354
356
378
339
340
263
264
277
282
350
65
66
71
96
100
103
104
110
111
116
117
121
122
126
127
132
136
148
158
162
164
167
168
173
177
178
180
191
195
196
201
215
219
220
228
229
233
234
241
242
243
248
249
257
258
270
271
288
294
300
304
305
313
314
318
319
324
325
331
335
346
351
352
353
359
