21
19
16
23
20
4
5
6
9
12
15
32
55
43
28
35
34
38
37
42
39
51
54
57
73
72
64
66
61
62
78
77
95
88
126
118
115
105
101
122
83
84
110
121
124
130
128
152
139
175
167
164
159
146
171
134
135
155
170
173
179
177
191
230
218
212
196
226
228
224
207
203
225
184
185
186
199
234
232
246
285
273
267
251
281
283
279
262
258
280
239
240
241
254
289
287
360
317
304
299
384
376
373
367
354
347
341
380
337
331
326
339
294
295
307
306
314
323
320
363
379
382
388
386
392
391
429
422
460
417
452
449
439
435
456
412
411
414
415
413
401
402
405
404
407
444
455
458
464
462
477
479
476
468
469
472
475
520
507
543
502
535
532
527
514
539
497
496
499
500
498
486
487
490
489
492
523
538
541
547
545
578
617
605
599
583
613
572
615
611
594
590
612
567
566
569
570
568
555
556
557
560
559
562
586
621
619
652
691
679
673
657
687
646
689
685
668
664
686
641
640
643
644
642
629
630
631
634
633
636
660
695
693
785
742
729
724
809
719
762
756
751
764
801
798
792
779
772
766
805
714
713
716
717
715
703
704
707
706
709
732
731
739
748
745
788
804
807
813
811
862
853
836
832
823
893
884
876
892
817
818
842
846
867
891
889
901
899
909
907
934
922
927
930
942
917
918
925
924
931
940
937
946
945
952
951
976
964
969
972
985
987
959
960
967
966
973
982
979
999
1001
995
1015
1017
1011
1028
1027
1037
1034
1033
1044
1041
1040
1054
1051
1059
1049
1050
1057
1056
1060
1067
1064
1084
1075
1077
1083
1072
1073
1088
1087
1089
1102
1095
1101
1092
1116
1109
1115
1106
1123
1125
1120
1137
1135
1134
1153
1144
1146
1152
1141
1142
1157
1156
1158
1171
1164
1170
1161
1185
1178
1184
1175
1192
1194
1189
1205
1204
1203
1214
1217
1213
1228
1209
1212
1210
1215
1223
1218
1219
1220
1307
1595
1528
1594
1633
1636
1630
1632
1642
1645
1639
1641
1650
1302
1304
1305
1271
1300
1282
1281
1284
1283
1492
1499
1483
1454
1429
1420
1351
1340
1343
1344
1487
1571
1550
1537
1538
1522
1468
1405
1388
1368
1360
1575
1593
1621
1517
1526
1516
1652
1649
1647
1646
1247
1248
1249
1252
1264
1265
1251
1254
1253
1257
1256
1266
1275
1274
1272
1277
1286
1285
1293
1291
1296
1298
1299
1294
1306
1309
1310
1311
1315
1319
1314
1312
1316
1322
1321
1325
1329
1326
1327
1333
1336
1332
1330
1355
1364
1372
1370
1371
1375
1374
1379
1383
1381
1393
1397
1392
1390
1398
1400
1409
1407
1416
1415
1423
1421
1434
1440
1433
1431
1436
1435
1444
1442
1448
1446
1460
1461
1463
1472
1470
1479
1478
1486
1484
1495
1496
1503
1509
1502
1500
1505
1504
1513
1511
1544
1546
1553
1552
1562
1560
1565
1567
1574
1573
1583
1581
1588
1597
1600
1602
1599
1601
1605
1604
1606
1614
1612
1616
1617
1682
1661
1683
1680
1656
1658
1657
1662
1664
1667
1666
1672
1669
1677
1674
1685
1698
1690
1689
1694
1691
1697
1804
1717
1714
1766
1765
1776
1775
1802
1801
1732
1731
1734
1735
1733
1711
1712
1713
1719
1718
1721
1725
1724
1727
1738
1739
1742
1741
1745
1744
1749
1750
1756
1752
1753
1759
1758
1760
1769
1768
1770
1780
1778
1781
1783
1788
1786
1792
1798
1799
1790
1793
1950
1818
1817
1888
1880
1913
1897
1838
1823
1912
1939
1938
1948
1923
1947
1812
1813
1814
1815
1816
1820
1819
1828
1827
1834
1835
1831
1841
1848
1843
1844
1851
1850
1852
1861
1859
1864
1863
1865
1872
1878
1874
1875
1882
1881
1883
1892
1890
1899
1903
1909
1910
1902
1904
1916
1918
1926
1925
1936
1934
1952
1981
1979
1980
1977
1989
1990
1986
1997
1998
1992
2001
2007
2003
2004
2010
2009
2013
2012
2014
2024
2022
2027
2026
2031
2037
2029
2032
2042
2048
2049
2040
2043
2063
2062
2082
2060
2061
2068
2069
2065
2076
2077
2071
2080
2078
2096
2095
2092
2091
2106
2088
2089
2090
2094
2101
2098
2104
2102
2155
2122
2152
2273
2259
2242
2228
2219
2211
2179
2149
2150
2139
2260
2161
2158
2160
2114
2116
2117
2118
2119
2120
2127
2132
2131
2135
2157
2167
2166
2173
2175
2182
2181
2186
2185
2196
2195
2206
2204
2213
2215
2222
2221
2233
2231
2237
2236
2247
2245
2341
2293
2288
2315
2314
2291
2290
2332
2338
2339
2327
2331
2305
2295
2333
2283
2284
2285
2286
2287
2297
2299
2301
2308
2307
2321
2319
2329
2359
2357
2352
2348
2354
2345
2388
2385
2380
2390
2375
2374
2377
2378
2376
2365
2368
2367
2370
2466
2440
2413
2483
2408
2407
2410
2411
2409
2431
2430
2433
2436
2432
2457
2456
2459
2462
2458
2401
2400
2403
2420
2424
2423
2418
2426
2446
2450
2449
2445
2452
2473
2476
2479
2482
2491
2487
2490
2515
2504
2508
2514
2513
2523
2496
2497
2498
2500
2507
2506
2521
2519
2595
2580
2560
2549
2539
2623
2608
2601
2610
2617
2609
2612
2603
2564
2611
2530
2531
2532
2533
2535
2542
2541
2555
2553
2562
2568
2566
2575
2574
2583
2581
2590
2589
2599
2597
2622
2620
2956
2949
2903
2889
2754
2742
2721
2701
2957
2768
2763
2770
2775
2769
2955
2925
2891
2899
2959
2872
2854
2812
2664
2871
2869
2842
2800
2686
2868
2772
2765
2725
2771
2824
2787
2823
2958
2659
2658
2661
2662
2660
2681
2680
2683
2684
2682
2641
2642
2643
2644
2646
2648
2652
2651
2647
2654
2670
2674
2673
2669
2676
2691
2694
2693
2706
2703
2704
2712
2710
2714
2715
2717
2723
2729
2727
2732
2731
2739
2738
2744
2743
2751
2750
2758
2756
2761
2759
2778
2782
2779
2783
2785
2790
2789
2795
2794
2802
2801
2807
2806
2817
2815
2821
2819
2825
2829
2827
2828
2832
2831
2837
2836
2844
2843
2849
2848
2859
2857
2863
2861
2866
2864
2876
2874
2884
2882
2894
2892
2908
2905
2906
2911
2910
2916
2920
2918
2930
2927
2928
2933
2932
2938
2942
2940
3013
3011
3003
3005
2989
2984
2976
2987
3008
3009
3007
2995
2978
3006
2969
2970
2971
2972
2993
3093
3064
3049
3029
3088
3082
3074
3033
3081
3087
3080
3071
3079
3070
3021
3022
3023
3024
3025
3031
3036
3035
3044
3042
3052
3050
3059
3058
3068
3066
3092
3090
3420
3393
3230
3209
3188
3193
3170
3421
3248
3242
3213
3175
3247
3251
3246
3245
3239
3376
3375
3317
3321
3265
3315
3422
3414
3409
3410
3400
3423
3412
3386
3355
3291
3157
3385
3383
3374
3381
3336
3343
3307
3314
3272
3279
3135
3382
3130
3129
3132
3133
3131
3152
3151
3154
3155
3153
3112
3113
3114
3115
3116
3119
3123
3122
3117
3125
3141
3145
3144
3140
3147
3162
3163
3165
3172
3179
3177
3182
3181
3190
3189
3197
3195
3200
3198
3202
3203
3205
3211
3217
3215
3220
3219
3227
3226
3234
3232
3237
3235
3254
3252
3256
3259
3260
3262
3268
3267
3274
3273
3281
3280
3286
3285
3296
3294
3300
3298
3303
3302
3309
3308
3324
3322
3325
3329
3327
3328
3332
3331
3338
3337
3345
3344
3350
3349
3360
3358
3364
3362
3367
3365
3370
3369
3394
3396
3403
3402
3418
3416
3442
3447
3464
3440
3435
3449
3454
3468
3470
3466
3471
3430
3431
3432
3434
3459
3457
3462
3485
3480
3487
3492
3486
3509
3476
3477
3479
3495
3493
3500
3503
3508
3506
3565
3563
3556
3542
3532
3526
3523
3558
3554
3537
3560
3530
3528
3561
3559
3517
3518
3519
3548
3543
3546
3550
3590
3591
3578
3589
3569
3570
3572
3581
3580
3593
3599
3597
3756
3732
3727
3713
3685
3673
3661
3652
3636
3622
3775
3621
3684
3683
3697
3696
3609
3610
3611
3612
3615
3614
3626
3624
3630
3628
3632
3639
3638
3647
3645
3656
3654
3674
3677
3676
3689
3687
3693
3691
3695
3700
3699
3708
3706
3717
3715
3723
3721
3737
3734
3735
3740
3739
3745
3749
3747
3760
3758
3759
3763
3762
3768
3772
3770
3823
3818
3815
3810
3799
3800
3792
3787
3784
3817
3821
3820
3780
3801
3803
3805
4210
4190
4191
4177
4166
4163
4158
4152
4154
4141
4112
4098
4083
4040
4018
4004
3989
3979
3968
3933
3919
3889
3879
3861
4196
4068
4063
4064
4054
3856
4137
3844
3843
3870
4150
4076
3899
3865
4075
3983
3973
3981
3904
3903
4202
4193
4066
4144
3970
4143
3838
3839
3840
3841
3842
3847
3846
3849
3848
3851
3850
3857
3875
3873
3880
3888
3891
3895
3892
3900
3902
3907
3906
3914
3913
3921
3920
3928
3927
3938
3936
3943
3941
3946
3944
3950
3948
3953
3951
3956
3955
3963
3962
3980
3985
3992
3991
3999
3998
4006
4005
4013
4012
4022
4020
4025
4023
4028
4027
4035
4034
4045
4043
4047
4049
4057
4056
4072
4070
4077
4079
4086
4085
4093
4092
4100
4099
4107
4106
4117
4115
4121
4119
4124
4122
4128
4126
4136
4134
4146
4169
4171
4181
4179
4195
4194
4207
4205
4350
4348
4339
4263
4239
4235
4341
4331
4314
4307
4310
4296
4285
4267
4260
4244
4342
4232
4228
4230
4229
4259
4343
4299
4287
4275
4269
4344
4277
4345
4346
4330
4223
4224
4225
4226
4227
4255
4246
4250
4322
4316
4318
4737
4708
4646
4641
4642
4635
4625
4610
4585
4571
4561
4555
4466
4461
4462
4440
4431
4416
4397
4387
4392
4377
4372
4727
4724
4699
4684
4668
4660
4630
4604
4590
4576
4541
4531
4521
4516
4506
4500
4486
4470
4455
4445
4732
4367
4366
4653
4597
4548
4493
4652
4615
4481
4606
4719
4712
4718
4644
4360
4361
4362
4363
4364
4365
4400
4399
4404
4402
4411
4410
4419
4417
4426
4425
4435
4433
4464
4475
4526
4662
4664
4672
4670
4679
4678
4687
4685
4694
4693
4703
4701
4731
4729
4736
4734
4770
4768
4752
4748
4764
4757
4763
4766
4760
4754
4765
4743
4744
4745
4749
4762
4837
4834
4829
4818
4809
4786
4778
4836
4774
4780
4782
4789
4788
4799
4797
4802
4804
4812
4811
4823
4821
4842
4841
5915
4972
4944
4931
4969
4980
4967
4952
4939
4977
5089
5083
4996
5087
5009
4999
5007
5841
5836
5436
5431
5072
5067
5840
5838
5874
5049
5021
5011
5058
5052
5028
5027
5051
5136
5061
5039
5135
5050
5035
5034
5037
5036
5104
5105
5091
5115
5499
5908
5179
5184
5490
5489
5174
5175
5177
5148
5142
5173
5571
5567
5300
5296
5568
5562
5291
5280
5278
5569
5446
5405
5386
5390
5389
5370
5351
5355
5354
5347
5329
5333
5332
5325
5307
5311
5310
5268
5445
5418
5282
5281
5284
5283
5419
5302
5420
5304
5303
5467
5323
5466
5318
5317
5320
5321
5319
5470
5345
5469
5340
5339
5342
5343
5341
5473
5472
5362
5361
5364
5365
5363
5476
5475
5397
5396
5399
5400
5398
5496
5497
5504
5503
5852
5803
5784
5788
5787
5768
5772
5771
5701
5682
5686
5685
5666
5670
5669
5662
5644
5648
5647
5640
5622
5626
5625
5618
5600
5604
5603
5596
5578
5582
5581
5851
5722
5550
5545
5547
5846
5820
5573
5821
5575
5574
5877
5594
5876
5589
5588
5591
5592
5590
5880
5616
5879
5611
5610
5613
5614
5612
5883
5638
5882
5633
5632
5635
5636
5634
5886
5660
5885
5655
5654
5657
5658
5656
5889
5737
5747
5752
5888
5677
5676
5679
5680
5678
5892
5743
5728
5730
5891
5693
5692
5695
5696
5694
5895
5894
5779
5778
5781
5782
5780
5898
5897
5795
5794
5797
5798
5796
4921
4922
4923
4924
4925
4926
4927
4929
4934
4933
4942
4948
4946
4955
4953
4958
4962
4961
4970
4976
4974
4983
4981
4986
4993
4991
5013
5030
5041
5054
5069
5068
5075
5077
5079
5080
5081
5099
5100
5098
5113
5109
5110
5111
5119
5124
5122
5127
5128
5125
5134
5129
5131
5140
5146
5144
5153
5160
5156
5157
5158
5161
5168
5171
5172
5181
5193
5199
5196
5197
5200
5205
5210
5208
5216
5224
5232
5236
5237
5238
5239
5235
5243
5246
5248
5253
5254
5251
5257
5256
5263
5261
5274
5275
5273
5286
5313
5335
5357
5366
5368
5374
5379
5372
5376
5375
5383
5381
5392
5401
5403
5408
5407
5412
5416
5414
5421
5422
5433
5432
5439
5442
5444
5448
5449
5451
5450
5460
5458
5462
5464
5483
5481
5482
5486
5485
5488
5487
5507
5512
5513
5510
5516
5515
5522
5520
5524
5529
5530
5527
5533
5532
5539
5537
5546
5553
5552
5557
5584
5606
5628
5650
5672
5688
5697
5699
5705
5710
5703
5707
5706
5712
5711
5719
5718
5724
5723
5729
5733
5732
5739
5738
5744
5749
5748
5755
5760
5753
5757
5756
5765
5763
5774
5790
5799
5801
5806
5805
5809
5811
5810
5814
5818
5816
5822
5823
5848
5850
5855
5857
5856
5862
5861
5870
5868
5906
5911
5913
6257
6232
6202
6184
6123
6128
6107
6109
6093
6073
6048
6053
6032
6034
6018
5998
6241
6108
5959
5953
5955
5973
5972
5966
5965
6190
6145
6138
6238
6155
6148
6181
6229
6248
6255
6312
6314
6303
6306
6285
6288
6281
6275
6277
6310
6299
6293
6295
6297
6309
6213
6165
5979
6212
5937
5938
5939
5940
5941
5942
5943
5944
5945
5946
5947
5948
5949
5951
5961
5962
5964
5968
5971
5970
5975
5977
5982
5981
5984
5983
5994
5993
6002
6000
6004
6003
6014
6013
6021
6020
6023
6022
6037
6036
6039
6038
6050
6049
6057
6056
6059
6058
6069
6068
6077
6075
6079
6078
6089
6088
6096
6095
6098
6097
6112
6111
6114
6113
6125
6124
6134
6132
6137
6136
6142
6141
6147
6146
6152
6151
6159
6157
6161
6163
6168
6167
6170
6169
6180
6179
6187
6186
6189
6188
6199
6198
6207
6205
6209
6211
6216
6215
6218
6217
6228
6227
6235
6234
6237
6236
6247
6246
6254
6253
6262
6260
6267
6265
6270
6517
6508
6507
6493
6442
6447
6426
6428
6412
6392
6502
6427
6353
6347
6349
6367
6366
6360
6359
6499
6464
6457
6490
6514
6572
6574
6563
6566
6545
6548
6541
6535
6537
6570
6559
6553
6555
6557
6569
6474
6373
6473
6334
6335
6336
6337
6338
6339
6340
6341
6342
6343
6345
6355
6356
6358
6362
6365
6364
6369
6371
6376
6375
6378
6377
6388
6387
6396
6394
6398
6397
6408
6407
6415
6414
6417
6416
6431
6430
6433
6432
6444
6443
6453
6451
6456
6455
6461
6460
6468
6466
6470
6472
6477
6476
6479
6478
6489
6488
6496
6495
6498
6497
6513
6512
6522
6520
6527
6525
6530
6612
6579
6582
6583
6580
6585
6590
6591
6588
6595
6596
6593
6600
6601
6598
6603
6608
6606
6610
6620
