6
3
4
5
15
16
13
14
51
53
61
58
348
302
217
193
184
187
188
98
90
93
85
88
80
83
74
77
78
347
160
151
154
155
159
64
62
206
144
139
205
366
255
239
365
224
225
226
371
309
310
311
373
268
375
108
102
115
109
171
166
369
262
368
378
280
377
340
339
282
277
264
281
363
46
47
48
49
66
65
70
71
94
96
100
104
103
111
110
117
116
120
122
121
125
127
126
130
134
132
136
142
147
148
156
158
162
164
168
167
175
173
178
177
180
189
191
196
195
199
203
201
209
210
212
213
215
220
219
229
228
232
234
233
241
243
242
249
248
258
257
271
270
285
290
288
296
294
298
300
305
304
314
313
317
319
318
322
323
325
324
328
333
331
337
335
343
344
346
351
353
352
361
359
