2
4
6
8
10
16
13
21
25
27
29
31
34
37
44
43
49
47
51
53
55
57
59
62
64
66
68
73
71
77
76
80
82
86
84
88
90
93
95
97
99
104
102
108
107
111
113
115
117
120
124
122
126
128
130
135
133
139
138
142
144
146
148
151
155
153
157
159
161
166
164
170
169
196
192
189
183
176
173
179
198
200
202
205
207
211
209
213
215
219
221
223
225
230
228
233
242
266
264
257
255
236
238
246
245
251
249
253
259
261
268
270
275
273
278
280
282
291
313
311
308
300
285
287
295
294
298
304
302
306
315
317
322
320
331
357
355
344
342
325
327
335
334
338
340
347
351
349
353
362
360
371
397
395
384
382
365
367
375
374
378
380
387
391
389
393
402
400
411
466
464
460
452
447
443
428
405
445
407
415
414
441
437
434
421
418
424
450
456
454
458
468
470
475
473
479
478
486
482
489
488
492
494
497
502
501
509
505
511
513
520
516
518
526
522
524
532
530
534
538
542
555
549
546
552
563
566
584
578
572
569
575
594
593
597
606
605
609
617
621
620
625
624
631
628
640
647
643
649
652
651
657
654
661
660
666
663
670
669
672
680
679
682
689
685
691
694
693
699
696
703
702
708
705
712
711
714
721
723
725
728
727
726
734
729
730
731
1036
1033
1035
1044
1041
1043
742
1005
956
745
757
788
790
791
762
744
747
746
750
749
758
771
765
763
767
773
772
780
778
783
785
786
781
792
854
857
794
795
799
796
811
813
948
955
988
973
963
964
952
911
864
851
842
840
831
810
805
804
929
935
922
899
882
875
824
816
818
819
926
808
827
834
839
845
894
886
877
872
867
893
884
885
889
904
938
924
919
914
943
932
936
937
941
975
981
990
996
1001
1013
1009
1011
1020
1010
1014
1022
1023
1051
1050
1053
1054
1056
1063
1058
1069
1071
1074
1078
1075
1080
1141
1125
1118
1111
1101
1083
1138
1093
1087
1089
1127
1099
1120
1113
1131
1136
1134
1146
1215
1204
1161
1149
1147
1223
1213
1198
1191
1169
1158
1159
1236
1180
1171
1178
1208
1193
1200
1234
1225
1232
1244
1266
1324
1314
1289
1281
1274
1275
1321
1294
1302
1292
1291
1305
1304
1309
1307
1319
1317
1346
1345
1338
1339
1342
1356
1352
1355
1360
1364
1369
1368
1462
1449
1438
1431
1425
1402
1464
1374
1373
1382
1383
1377
1386
1394
1393
1414
1407
1421
1405
1404
1433
1441
1445
1444
1453
1451
1476
1477
1509
1501
1493
1486
1479
1506
1504
1488
1497
1514
1513
1516
1518
1530
1531
1524
1526
1537
1547
1589
1569
1548
1541
1588
1543
1555
1564
1566
1558
1553
1560
1575
1584
1586
1578
1574
1580
1595
1597
1599
1601
1605
1613
1619
1611
1623
1610
1615
1618
1680
1674
1647
1632
1637
1630
1641
1629
1634
1666
1661
1670
1655
1650
1659
1644
1652
1657
1663
1668
1676
1678
1679
1684
1682
1688
1686
1891
1889
1859
1866
1904
1692
1701
1843
1832
1803
1702
1695
1691
1697
1708
1717
1841
1824
1795
1718
1711
1707
1713
1776
1772
1747
1734
1725
1730
1738
1727
1732
1760
1767
1752
1759
1745
1769
1765
1757
1770
1744
1754
1762
1774
1775
1778
1780
1825
1817
1815
1786
1781
1799
1796
1791
1788
1809
1793
1801
1807
1805
1828
1820
1839
1814
1836
1834
1847
1858
1845
1849
1854
1852
1862
1860
1864
1875
1873
1868
1871
1877
1879
1887
1895
1902
1900
1920
1911
1910
1918
1951
1946
1955
1940
1934
1944
1932
1929
1936
1942
1948
1953
1959
1965
1961
1960
1963
1966
1968
1970
1974
1972
1978
1987
2155
2149
2154
2124
2129
2104
2109
2080
2085
1988
1981
1976
1983
1994
2003
2157
2137
2093
2004
1997
1993
1999
2023
2028
2031
2015
2033
2029
2018
2034
2013
2017
2025
2048
2055
2041
2057
2053
2043
2058
2040
2050
2061
2060
2063
2064
2066
2111
2075
2067
2071
2146
2130
2121
2119
2105
2101
2089
2086
2081
2077
2114
2083
2091
2097
2095
2107
2150
2133
2125
2144
2118
2127
2135
2141
2139
2152
2162
2160
2169
2174
2167
2178
2166
2171
2176
2206
2204
2194
2186
2187
2191
2192
2196
2200
2198
2202
2222
2212
2213
2217
2220
2218
2224
2226
2230
2228
2233
2237
2246
2243
2244
2262
2270
2260
2275
2257
2264
2269
2304
2298
2308
2296
2282
2287
2291
2284
2295
2300
2306
2314
2313
2339
2317
2320
2347
2341
2351
2326
2332
2336
2328
2331
2343
2349
2358
2356
2361
2360
2371
2369
2364
2367
2373
2375
2388
2386
2381
2385
2390
2392
2400
2399
2405
2404
2411
2408
2413
2419
2418
2423
2422
2425
2430
2585
2583
2576
2458
2612
2602
2511
2488
2478
2441
2636
2675
2676
2665
2656
2654
2650
2646
2638
2616
2606
2595
2564
2550
2540
2529
2684
2515
2492
2482
2471
2439
2680
2445
2449
2447
2457
2460
2642
2516
2555
2541
2531
2518
2523
2506
2483
2473
2504
2496
2494
2500
2498
2560
2546
2536
2552
2568
2566
2578
2587
2607
2597
2623
2620
2618
2627
2625
2634
2632
2678
2668
2687
2692
2764
2751
2746
2737
2713
2700
2694
2762
2702
2706
2717
2722
2729
2739
2753
2755
2760
2772
2776
2775
2780
2792
2779
2782
2788
2786
2790
2817
2812
2821
2806
2801
2810
2798
2795
2803
2808
2814
2819
2827
2826
2831
2839
2830
2833
2837
2844
2841
2846
2849
2848
2851
2853
2855
2857
2861
2872
2859
2863
2866
2868
2877
2885
2875
2879
2883
2889
2887
2891
2893
2897
2905
2895
2899
2903
2916
2907
2910
2912
2921
2920
2933
2924
2929
2928
2931
2944
2935
2940
2939
2942
2955
2946
2949
2951
2959
2958
2961
2963
2975
2965
2971
2969
2973
2979
2984
2977
2981
2986
2997
2988
2991
2993
3040
3035
3044
3022
3017
3026
3011
3006
3015
3003
3034
3002
3008
3013
3019
3024
3032
3031
3037
3042
3050
3048
3054
3052
3064
3062
3058
3060
3071
3070
3079
3077
3086
3076
3081
3096
3101
3094
3104
3092
3098
3109
3108
3113
3112
3115
3526
3525
3300
3301
3303
3278
3274
3299
3494
3470
3457
3466
3512
3460
3445
3432
3441
3510
3435
3428
3416
3425
3508
3419
3412
3400
3409
3506
3403
3378
3493
3536
3531
3532
3780
3753
3740
3749
3808
3743
3729
3738
3806
3732
3680
3667
3676
3804
3670
3656
3665
3802
3659
3652
3640
3649
3800
3643
3636
3624
3633
3798
3627
3620
3608
3617
3796
3611
3604
3592
3601
3794
3595
3779
3695
3574
3569
3571
3775
3211
3187
3180
3246
3247
3234
3230
3178
3161
3158
3151
3155
3143
3140
3133
3137
3131
3176
3189
3196
3198
3200
3204
3206
3213
3221
3223
3228
3229
3241
3242
3240
3261
3262
3589
3397
3587
3250
3251
3263
3265
3283
3286
3287
3295
3298
3305
3316
3319
3325
3333
3340
3347
3351
3352
3353
3354
3350
3358
3366
3367
3365
3369
3384
3383
3386
3385
3387
3389
3396
3405
3410
3421
3426
3437
3450
3454
3449
3452
3447
3462
3472
3477
3475
3479
3480
3484
3486
3502
3496
3519
3517
3518
3522
3521
3524
3523
3543
3544
3542
3546
3556
3557
3555
3559
3570
3577
3576
3581
3588
3597
3602
3613
3618
3629
3634
3645
3650
3661
3672
3721
3715
3707
3710
3714
3717
3703
3706
3696
3699
3701
3693
3688
3685
3726
3684
3687
3682
3700
3711
3720
3723
3718
3734
3745
3758
3755
3762
3757
3760
3764
3765
3769
3771
3790
3782
3785
3818
3822
4069
4071
4062
4065
4050
4053
4048
4044
4046
4068
3828
4003
3971
3845
4060
4056
4058
4059
4031
4026
4033
4019
4013
4016
4006
3994
3987
3996
3981
3984
3974
3963
3960
3965
3957
3954
3959
3946
3938
3945
3948
3927
3934
3935
3921
3924
3914
3907
3910
3900
3894
3886
3893
3896
3875
3882
3883
3869
3872
3862
3855
3858
3848
3836
4039
3840
3841
3967
3937
3926
3913
3899
3885
3874
3861
3847
3952
3986
3973
3999
4018
4005
4036
4226
4228
4219
4222
4207
4210
4205
4201
4203
4225
4075
4160
4092
4217
4213
4215
4216
4187
4176
4183
4190
4170
4173
4163
4152
4149
4154
4141
4133
4140
4143
4122
4129
4130
4116
4119
4109
4102
4105
4095
4083
4196
4087
4088
4156
4132
4121
4108
4094
4147
4175
4162
4193
4232
4233
4231
4247
4248
4243
4244
4239
4240
4246
4263
