21
19
16
23
20
4
5
6
9
12
15
32
55
43
28
35
34
38
37
42
39
51
54
57
73
72
64
66
61
62
78
77
95
88
126
118
115
105
101
122
83
84
110
121
124
130
128
152
139
175
167
164
159
146
171
134
135
155
170
173
179
177
191
230
218
212
196
226
228
224
207
203
225
184
185
186
199
234
232
246
285
273
267
251
281
283
279
262
258
280
239
240
241
254
289
287
360
317
304
299
384
376
373
367
354
347
341
380
337
331
326
339
294
295
307
306
314
323
320
363
379
382
388
386
392
391
429
422
460
417
452
449
439
435
456
412
411
414
415
413
401
402
405
404
407
444
455
458
464
462
477
479
476
468
469
472
475
520
507
543
502
535
532
527
514
539
497
496
499
500
498
486
487
490
489
492
523
538
541
547
545
578
617
605
599
583
613
572
615
611
594
590
612
567
566
569
570
568
555
556
557
560
559
562
586
621
619
652
691
679
673
657
687
646
689
685
668
664
686
641
640
643
644
642
629
630
631
634
633
636
660
695
693
785
742
729
724
809
719
762
756
751
764
801
798
792
779
772
766
805
714
713
716
717
715
703
704
707
706
709
732
731
739
748
745
788
804
807
813
811
862
853
836
832
823
893
884
876
892
817
818
842
846
867
891
889
901
899
909
907
934
922
927
930
942
917
918
925
924
931
940
937
946
945
952
951
976
964
969
972
985
987
959
960
967
966
973
982
979
999
1001
995
1015
1017
1011
1028
1027
1037
1034
1033
1044
1041
1040
1054
1051
1059
1049
1050
1057
1056
1060
1067
1064
1084
1075
1077
1083
1072
1073
1088
1087
1089
1102
1095
1101
1092
1116
1109
1115
1106
1123
1125
1120
1137
1135
1134
1153
1144
1146
1152
1141
1142
1157
1156
1158
1171
1164
1170
1161
1185
1178
1184
1175
1192
1194
1189
1205
1204
1203
1214
1217
1213
1228
1209
1212
1210
1215
1223
1218
1219
1220
1307
1595
1528
1594
1633
1636
1630
1632
1642
1645
1639
1641
1650
1302
1304
1305
1271
1300
1282
1281
1284
1283
1492
1499
1483
1454
1429
1420
1351
1340
1343
1344
1487
1571
1550
1537
1538
1522
1468
1405
1388
1368
1360
1575
1593
1621
1517
1526
1516
1652
1649
1647
1646
1247
1248
1249
1252
1264
1265
1251
1254
1253
1257
1256
1266
1275
1274
1272
1277
1286
1285
1293
1291
1296
1298
1299
1294
1306
1309
1310
1311
1315
1319
1314
1312
1316
1322
1321
1325
1329
1326
1327
1333
1336
1332
1330
1355
1364
1372
1370
1371
1375
1374
1379
1383
1381
1393
1397
1392
1390
1398
1400
1409
1407
1416
1415
1423
1421
1434
1440
1433
1431
1436
1435
1444
1442
1448
1446
1460
1461
1463
1472
1470
1479
1478
1486
1484
1495
1496
1503
1509
1502
1500
1505
1504
1513
1511
1544
1546
1553
1552
1562
1560
1565
1567
1574
1573
1583
1581
1588
1597
1600
1602
1599
1601
1605
1604
1606
1614
1612
1616
1617
1682
1661
1683
1680
1656
1658
1657
1662
1664
1667
1666
1672
1669
1677
1674
1685
1698
1690
1689
1694
1691
1697
1805
1717
1714
1766
1765
1776
1775
1803
1802
1732
1731
1734
1735
1733
1711
1712
1713
1719
1718
1721
1725
1724
1727
1738
1739
1742
1741
1745
1744
1749
1750
1756
1752
1753
1759
1758
1760
1769
1768
1770
1780
1778
1781
1783
1788
1786
1793
1799
1800
1791
1794
1952
1819
1818
1889
1881
1915
1899
1839
1824
1914
1941
1940
1950
1925
1949
1813
1814
1815
1816
1817
1821
1820
1829
1828
1835
1836
1832
1842
1849
1844
1845
1852
1851
1853
1862
1860
1865
1864
1866
1873
1879
1875
1876
1883
1882
1884
1893
1891
1901
1905
1911
1912
1904
1906
1918
1920
1928
1927
1938
1936
1954
1983
1981
1982
1979
1991
1992
1988
1999
2000
1994
2003
2009
2005
2006
2012
2011
2015
2014
2016
2026
2024
2029
2028
2033
2039
2031
2034
2044
2050
2051
2042
2045
2065
2064
2084
2062
2063
2070
2071
2067
2078
2079
2073
2082
2080
2098
2097
2094
2093
2108
2090
2091
2092
2096
2103
2100
2106
2104
2157
2124
2154
2275
2261
2244
2230
2221
2213
2181
2151
2152
2141
2262
2163
2160
2162
2116
2118
2119
2120
2121
2122
2129
2134
2133
2137
2159
2169
2168
2175
2177
2184
2183
2188
2187
2198
2197
2208
2206
2215
2217
2224
2223
2235
2233
2239
2238
2249
2247
2344
2295
2290
2317
2316
2293
2292
2335
2341
2342
2330
2334
2307
2297
2336
2285
2286
2287
2288
2289
2299
2301
2303
2310
2309
2323
2321
2332
2362
2360
2355
2351
2357
2348
2391
2388
2383
2393
2378
2377
2380
2381
2379
2368
2371
2370
2373
2469
2443
2416
2486
2411
2410
2413
2414
2412
2434
2433
2436
2439
2435
2460
2459
2462
2465
2461
2404
2403
2406
2423
2427
2426
2421
2429
2449
2453
2452
2448
2455
2476
2479
2482
2485
2494
2490
2493
2518
2507
2511
2517
2516
2526
2499
2500
2501
2503
2510
2509
2524
2522
2598
2583
2563
2552
2542
2626
2611
2604
2613
2620
2612
2615
2606
2567
2614
2533
2534
2535
2536
2538
2545
2544
2558
2556
2565
2571
2569
2578
2577
2586
2584
2593
2592
2602
2600
2625
2623
2959
2952
2906
2892
2757
2745
2724
2704
2960
2771
2766
2773
2778
2772
2958
2928
2894
2902
2962
2875
2857
2815
2667
2874
2872
2845
2803
2689
2871
2775
2768
2728
2774
2827
2790
2826
2961
2662
2661
2664
2665
2663
2684
2683
2686
2687
2685
2644
2645
2646
2647
2649
2651
2655
2654
2650
2657
2673
2677
2676
2672
2679
2694
2697
2696
2709
2706
2707
2715
2713
2717
2718
2720
2726
2732
2730
2735
2734
2742
2741
2747
2746
2754
2753
2761
2759
2764
2762
2781
2785
2782
2786
2788
2793
2792
2798
2797
2805
2804
2810
2809
2820
2818
2824
2822
2828
2832
2830
2831
2835
2834
2840
2839
2847
2846
2852
2851
2862
2860
2866
2864
2869
2867
2879
2877
2887
2885
2897
2895
2911
2908
2909
2914
2913
2919
2923
2921
2933
2930
2931
2936
2935
2941
2945
2943
3016
3014
3006
3008
2992
2987
2979
2990
3011
3012
3010
2998
2981
3009
2972
2973
2974
2975
2996
3096
3067
3052
3032
3091
3085
3077
3036
3084
3090
3083
3074
3082
3073
3024
3025
3026
3027
3028
3034
3039
3038
3047
3045
3055
3053
3062
3061
3071
3069
3095
3093
3423
3396
3233
3212
3191
3196
3173
3424
3251
3245
3216
3178
3250
3254
3249
3248
3242
3379
3378
3320
3324
3268
3318
3425
3417
3412
3413
3403
3426
3415
3389
3358
3294
3160
3388
3386
3377
3384
3339
3346
3310
3317
3275
3282
3138
3385
3133
3132
3135
3136
3134
3155
3154
3157
3158
3156
3115
3116
3117
3118
3119
3122
3126
3125
3120
3128
3144
3148
3147
3143
3150
3165
3166
3168
3175
3182
3180
3185
3184
3193
3192
3200
3198
3203
3201
3205
3206
3208
3214
3220
3218
3223
3222
3230
3229
3237
3235
3240
3238
3257
3255
3259
3262
3263
3265
3271
3270
3277
3276
3284
3283
3289
3288
3299
3297
3303
3301
3306
3305
3312
3311
3327
3325
3328
3332
3330
3331
3335
3334
3341
3340
3348
3347
3353
3352
3363
3361
3367
3365
3370
3368
3373
3372
3397
3399
3406
3405
3421
3419
3445
3450
3467
3443
3438
3452
3457
3471
3473
3469
3474
3433
3434
3435
3437
3462
3460
3465
3488
3483
3490
3495
3489
3512
3479
3480
3482
3498
3496
3503
3506
3511
3509
3568
3566
3559
3545
3535
3529
3526
3561
3557
3540
3563
3533
3531
3564
3562
3520
3521
3522
3551
3546
3549
3553
3593
3594
3581
3592
3572
3573
3575
3584
3583
3596
3602
3600
3759
3735
3730
3716
3688
3676
3664
3655
3639
3625
3778
3624
3687
3686
3700
3699
3612
3613
3614
3615
3618
3617
3629
3627
3633
3631
3635
3642
3641
3650
3648
3659
3657
3677
3680
3679
3692
3690
3696
3694
3698
3703
3702
3711
3709
3720
3718
3726
3724
3740
3737
3738
3743
3742
3748
3752
3750
3763
3761
3762
3766
3765
3771
3775
3773
3826
3821
3818
3813
3802
3803
3795
3790
3787
3820
3824
3823
3783
3804
3806
3808
4214
4193
4194
4180
4169
4166
4161
4155
4157
4144
4115
4101
4086
4043
4021
4007
3992
3982
3971
3936
3922
3892
3882
3864
4199
4071
4066
4067
4057
3859
4140
3847
3846
3873
4153
4079
3902
3868
4078
3986
3976
3984
3907
3906
4205
4196
4069
4147
3973
4146
3841
3842
3843
3844
3845
3850
3849
3852
3851
3854
3853
3860
3878
3876
3883
3891
3894
3898
3895
3903
3905
3910
3909
3917
3916
3924
3923
3931
3930
3941
3939
3946
3944
3949
3947
3953
3951
3956
3954
3959
3958
3966
3965
3983
3988
3995
3994
4002
4001
4009
4008
4016
4015
4025
4023
4028
4026
4031
4030
4038
4037
4048
4046
4050
4052
4060
4059
4075
4073
4080
4082
4089
4088
4096
4095
4103
4102
4110
4109
4120
4118
4124
4122
4127
4125
4131
4129
4139
4137
4149
4172
4174
4184
4182
4198
4197
4210
4208
4354
4352
4343
4267
4243
4239
4345
4335
4318
4311
4314
4300
4289
4271
4264
4248
4346
4236
4232
4234
4233
4263
4347
4303
4291
4279
4273
4348
4281
4349
4350
4334
4227
4228
4229
4230
4231
4259
4250
4254
4326
4320
4322
4741
4712
4650
4645
4646
4639
4629
4614
4589
4575
4565
4559
4470
4465
4466
4444
4435
4420
4401
4391
4396
4381
4376
4731
4728
4703
4688
4672
4664
4634
4608
4594
4580
4545
4535
4525
4520
4510
4504
4490
4474
4459
4449
4736
4371
4370
4657
4601
4552
4497
4656
4619
4485
4610
4723
4716
4722
4648
4364
4365
4366
4367
4368
4369
4404
4403
4408
4406
4415
4414
4423
4421
4430
4429
4439
4437
4468
4479
4530
4666
4668
4676
4674
4683
4682
4691
4689
4698
4697
4707
4705
4735
4733
4740
4738
4774
4772
4756
4752
4768
4761
4767
4770
4764
4758
4769
4747
4748
4749
4753
4766
4841
4838
4833
4822
4813
4790
4782
4840
4778
4784
4786
4793
4792
4803
4801
4806
4808
4816
4815
4827
4825
4846
4845
5919
4976
4948
4935
4973
4984
4971
4956
4943
4981
5093
5087
5000
5091
5013
5003
5011
5845
5840
5440
5435
5076
5071
5844
5842
5878
5053
5025
5015
5062
5056
5032
5031
5055
5140
5065
5043
5139
5054
5039
5038
5041
5040
5108
5109
5095
5119
5503
5912
5183
5188
5494
5493
5178
5179
5181
5152
5146
5177
5575
5571
5304
5300
5572
5566
5295
5284
5282
5573
5450
5409
5390
5394
5393
5374
5355
5359
5358
5351
5333
5337
5336
5329
5311
5315
5314
5272
5449
5422
5286
5285
5288
5287
5423
5306
5424
5308
5307
5471
5327
5470
5322
5321
5324
5325
5323
5474
5349
5473
5344
5343
5346
5347
5345
5477
5476
5366
5365
5368
5369
5367
5480
5479
5401
5400
5403
5404
5402
5500
5501
5508
5507
5856
5807
5788
5792
5791
5772
5776
5775
5705
5686
5690
5689
5670
5674
5673
5666
5648
5652
5651
5644
5626
5630
5629
5622
5604
5608
5607
5600
5582
5586
5585
5855
5726
5554
5549
5551
5850
5824
5577
5825
5579
5578
5881
5598
5880
5593
5592
5595
5596
5594
5884
5620
5883
5615
5614
5617
5618
5616
5887
5642
5886
5637
5636
5639
5640
5638
5890
5664
5889
5659
5658
5661
5662
5660
5893
5741
5751
5756
5892
5681
5680
5683
5684
5682
5896
5747
5732
5734
5895
5697
5696
5699
5700
5698
5899
5898
5783
5782
5785
5786
5784
5902
5901
5799
5798
5801
5802
5800
4925
4926
4927
4928
4929
4930
4931
4933
4938
4937
4946
4952
4950
4959
4957
4962
4966
4965
4974
4980
4978
4987
4985
4990
4997
4995
5017
5034
5045
5058
5073
5072
5079
5081
5083
5084
5085
5103
5104
5102
5117
5113
5114
5115
5123
5128
5126
5131
5132
5129
5138
5133
5135
5144
5150
5148
5157
5164
5160
5161
5162
5165
5172
5175
5176
5185
5197
5203
5200
5201
5204
5209
5214
5212
5220
5228
5236
5240
5241
5242
5243
5239
5247
5250
5252
5257
5258
5255
5261
5260
5267
5265
5278
5279
5277
5290
5317
5339
5361
5370
5372
5378
5383
5376
5380
5379
5387
5385
5396
5405
5407
5412
5411
5416
5420
5418
5425
5426
5437
5436
5443
5446
5448
5452
5453
5455
5454
5464
5462
5466
5468
5487
5485
5486
5490
5489
5492
5491
5511
5516
5517
5514
5520
5519
5526
5524
5528
5533
5534
5531
5537
5536
5543
5541
5550
5557
5556
5561
5588
5610
5632
5654
5676
5692
5701
5703
5709
5714
5707
5711
5710
5716
5715
5723
5722
5728
5727
5733
5737
5736
5743
5742
5748
5753
5752
5759
5764
5757
5761
5760
5769
5767
5778
5794
5803
5805
5810
5809
5813
5815
5814
5818
5822
5820
5826
5827
5852
5854
5859
5861
5860
5866
5865
5874
5872
5910
5915
5917
6261
6236
6206
6188
6127
6132
6111
6113
6097
6077
6052
6057
6036
6038
6022
6002
6245
6112
5963
5957
5959
5977
5976
5970
5969
6194
6149
6142
6242
6159
6152
6185
6233
6252
6259
6316
6318
6307
6310
6289
6292
6285
6279
6281
6314
6303
6297
6299
6301
6313
6217
6169
5983
6216
5941
5942
5943
5944
5945
5946
5947
5948
5949
5950
5951
5952
5953
5955
5965
5966
5968
5972
5975
5974
5979
5981
5986
5985
5988
5987
5998
5997
6006
6004
6008
6007
6018
6017
6025
6024
6027
6026
6041
6040
6043
6042
6054
6053
6061
6060
6063
6062
6073
6072
6081
6079
6083
6082
6093
6092
6100
6099
6102
6101
6116
6115
6118
6117
6129
6128
6138
6136
6141
6140
6146
6145
6151
6150
6156
6155
6163
6161
6165
6167
6172
6171
6174
6173
6184
6183
6191
6190
6193
6192
6203
6202
6211
6209
6213
6215
6220
6219
6222
6221
6232
6231
6239
6238
6241
6240
6251
6250
6258
6257
6266
6264
6271
6269
6274
6521
6512
6511
6497
6446
6451
6430
6432
6416
6396
6506
6431
6357
6351
6353
6371
6370
6364
6363
6503
6468
6461
6494
6518
6576
6578
6567
6570
6549
6552
6545
6539
6541
6574
6563
6557
6559
6561
6573
6478
6377
6477
6338
6339
6340
6341
6342
6343
6344
6345
6346
6347
6349
6359
6360
6362
6366
6369
6368
6373
6375
6380
6379
6382
6381
6392
6391
6400
6398
6402
6401
6412
6411
6419
6418
6421
6420
6435
6434
6437
6436
6448
6447
6457
6455
6460
6459
6465
6464
6472
6470
6474
6476
6481
6480
6483
6482
6493
6492
6500
6499
6502
6501
6517
6516
6526
6524
6531
6529
6534
6616
6583
6586
6587
6584
6589
6594
6595
6592
6599
6600
6597
6604
6605
6602
6607
6612
6610
6614
6624
