7
10
15
28
25
27
34
201
198
271
278
300
296
291
286
282
253
248
244
235
229
223
217
212
205
239
215
210
151
124
99
83
68
71
313
63
66
311
58
61
309
37
40
43
46
72
74
87
79
94
91
89
102
106
104
112
110
116
114
140
131
134
142
120
147
144
126
129
128
156
158
160
168
170
164
172
180
182
179
194
195
316
318
320
322
324
477
445
466
424
641
609
630
588
475
389
396
361
368
341
337
488
335
485
366
373
347
370
351
394
401
377
398
381
443
436
429
422
415
405
450
447
409
482
454
479
458
464
460
639
553
560
525
532
495
652
493
502
500
504
530
537
511
534
515
558
565
541
562
545
607
600
593
586
579
569
614
611
573
646
618
643
622
628
624
